build_git_version: 'b6995cf1567fb9bce3d24a347bacf6e1465d7fbf'
energy: 7.577600e-07
sim_time: 5.760000e-05
total_spikes: 0
total_messages_sent: 0
wall_time: 0.312715
total_neurons_fired: 0
